# Perkalian Matriks (5×5)

**Ini Merupakan Tugas Pertemuan 6 Yang Dimana Membuat Program Untuk Perkalian Matriks (5×5)**

Yang dimana 
## Matriks 1 (5×5)
```python
[1, 4, 7, 2, 5]
[4, 2, 7, 3, 1]
[9, 5, 3, 1, 3]
[6, 8, 2, 3, 2]
[3, 1, 6, 7, 7]
```

Dikalikan dengan
## Matriks 2 (5×5)
```python
[2, 4, 7, 2, 5]
[3, 8, 3, 5, 1]
[8, 2, 4, 5, 2]
[1, 9, 2, 8, 5]
[4, 6, 1, 2, 7]
```

Didapatkan hasil
## Hasil Matriks (5×5)
```python
[92, 98, 56, 83, 68]     
[77, 79, 69, 79, 58]     
[70, 109, 95, 72, 82]    
[63, 131, 82, 90, 71]    
[92, 137, 69, 111, 112]  
```
